PER-CORPUS FIELD AVAILABILITY (non-null record counts; 'fordmov' = Ford ticks vEgo>4 m/s)
corpus                                              f     rec  err fordmov  icbm       icbmT      mapV   mapDist   icbmSrc     icbmC  stockSet    spdLim  icbmKVis   mdlEndX    visLat    visTtc     kPeak   slKActl    achLat   icbmKAticbmKAtGap
--------------------------------------------------------------------------------------------------------------------------------------------------------------------------------------------------------------------------------------------------
2026-06-18 -                                        1       0   60       0     0           0         0         0         0         0         0         0         0         0         0         0         0         0         0         0         0
2026-08-10/lanecenter-highway-drive -               1       0    0       0     0           0         0         0         0         0         0         0         0         0         0         0         0         0         0         0         0
2026-07-06/i82-i84-eastbound 11-25 10:17            5  264587    2       0     0           0    264587    264587         0         0         0    264587         0         0         0         0         0         0         0         0         0
2026-07-11/lightning-icbm-nofire 11-25 10:17        4   48801    0   15844   119         119     48801     48801        38       119     44042     48801         0         0         0         0         0         0         0         0         0
2026-07-13 11-25 10:17                              1   10602    0       0     0           0     10600     10600         0         0     10600     10600         0     10602     10600     10600         0         0         0         0         0
2026-07-12/tesla-redlight 11-25 10:17               1    4000    0       0     0           0      4000      4000         0         0      4000      4000         0       216         0         0         0         0         0         0         0
2026-08-12/crown-hill-both-directions 11-25 10:17   3   23636    0    3823   251         251      7703      7703       251       201      7703     23555         0      7720      7703      7703         0     23537         0         0         0
2026-07-12/snoqualmie-ellensburg-icbm 11-25 10:17   2    7694    1    3482   375         375      7694      7694       375       119      7694      7694         0         0         0         0         0         0         0         0         0
2026-07-18/lightning-icbm-curve 11-25 10:17         4    1950    0     816   116         116      1941      1941       116        93      1941      1941         0      1950      1941      1941         0         0         0         0         0
2026-06-27 06-27 15:53                              1    8127    0       0     0           0      8127      8127         0         0         0      8127         0         0         0         0         0         0         0         0         0
2026-07-01/hotspot-drive 07-01 07:37                7    1710    0       0     0           0      1710      1710         0         0         0      1710         0         0         0         0         0         0         0         0         0
2026-07-08/lebowski-first-drive 07-08 17:48         1    6867    0       0     0           0      6867      6867         0         0         0      6867         0         0         0         0         0         0         0         0         0
2026-07-10/bsm-first-live-test 07-10 17:03          1     429    1       0     0           0       429       429         0         0         0       429         0         0         0         0         0         0         0         0         0
2026-07-10/lightning-oplong-first-lap 07-10 22:52   1     936    0     257     0           0       936       936         0         0         0       936         0         0         0         0         0         0         0         0         0
2026-07-12/ellensburg-snoqualmie-westbound 07-12 05:58  2   26391    0    2134    70          70     26391     26391        70        70     26391     26391         0         0         0         0         0         0         0         0         0
2026-07-13/aurora-ave-curves 07-13 04:32            1   21480    0    1411     0           0     21467     21467         0         0     21467     21467         0     21480      6437      6437         0         0         0         0         0
2026-07-13/lightning-hwy99 07-13 04:32              1   13433    0     693     0           0     13427     13427         0         0     13427     13427         0     13433         0         0         0         0         0         0         0
2026-07-14/lightning-left-curve-toofast 07-14 07:20  1     220    2     216     0           0       220       220         0         0       220       220         0       220       220       220         0         0         0         0         0
2026-07-14/corvallis-no-resume 07-14 18:22          1     160    0       0     0           0       160       160         0         0       160       160         0       160       160       160         0         0         0         0         0
2026-07-14/stop-jolt-and-jumpy-limitdrop 07-14 20:37  2    2400    0     368     0           0      2398      2398         0         0      2398      2398         0      2400      2398      2398         0         0         0         0         0
2026-07-15 07-15 21:24                              1    3000    0     235     0           0      3000      3000         0         0      3000      3000         0      3000      3000      3000         0         0         0         0         0
2026-07-19/lightning-angle-faithful 07-19 06:22     1    8336    0    1538  2477        2477      8332      8332      2477       216      8332      8332         0      8336      8332      8332         0         0         0         0         0
2026-08-18/i5-southbound-curve-takeover 07-28 08:05  2   11562    0     722   130         130     11398     11398       130        72     11398     11398         0     11404     11398     11398         0     11385     11385         0         0
2026-09-12/central-oregon-weekend 07-28 08:05      13   92062    0   25618  2374        2374     90928     90928      2374       313     91004     90928         0     90945     90928     90928         0     90898     90898     90928     90928
2026-08-26/olympic-peninsula 07-28 08:05            2   11319    0    1047     7           7     11280     11280         7         0     11280     11280         0     11292     11280     11280         0     11275     11275         0         0
2026-08-15/everett-roundtrip-tesla 07-28 08:05      1    9602    0       0     0           0      9448      9448         0         0      9448      9469         0      9462      9448      9448         0      9460      9460         0         0
2026-08-16/tesla-nudgeless-city-gate 07-28 08:05    1   11422    0       0     0           0     11242     11242         0         0     11242     11263         0     11259     11242     11242         0     11250     11250         0         0
2026-08-22/corvallis-seattle-return 07-28 08:05     2   11430    0       0     0           0     11421     11421         0         0     11421     11421         0     11424     11421     11421         0     11415     11415         0         0
ARCHIVE (/tmp/arch, continuous) 07-28 08:05         6   42918    0    1848     0           0     42407     42407         0         0     42438     42407     42375     42409     42407     42407         0     42394     42394     42407     42407
2026-08-10/_alldrives 08-10 09:16                   2   24000    1    5562  1158        1158     23974     23974      1158       166     23974     23974         0     24000     23974     23974         0         0         0         0         0
2026-08-10/lanecenter-first-drive 08-10 11:02       1    2500    0     329    12          12      2498      2498        12        13      2498      2498         0      2500      2498      2498         0         0         0         0         0
2026-08-11 08-11 05:51                              1    3579    1     767   209         209      3577      3577       209       172      3577      3577         0      3579      3577      3577         0      3573         0         0         0
2026-08-11/steering-capability 08-11 05:51          1    1950    0     403   167         167      1949      1949       167       143      1949      1949         0      1950      1949      1949         0      1947         0         0         0
2026-08-11/analysis-drive 08-11 05:54               2    3500    0     608   132         132      3498      3498       132       105      3498      3498         0      3500      3498      3498         0      3494         0         0         0
2026-08-11/tight-left-1045-rlog 08-11 06:29         1    4000    0     708    42          42      2994      2994        42        29      2994      3998         0      2996      2994      2994         0      3993         0         0         0
2026-08-11/tight-right-50mph-curve 08-11 06:47      1    2500    0     338    42          42      2498      2498        42        29      2498      2498         0      2500      2498      2498         0      2496         0         0         0
2026-08-12 08-12 08:21                              4   10500    0    2758     0           0         0         0         0         0         0     10166         0        36         0         0         0     10164      9520         0         0
2026-08-12/tesla-same-options 08-12 10:47           1    8922    0    2871     0           0         0         0         0         0         0      8897         0         7         0         0         0      8896      8896         0         0
2026-08-13/crownhill-tesla-loop 08-12 10:47         1   15700    0    4289    69          69      6241      6241        69        44      6241     15569         0      6254      6241      6241         0     15560     15560         0         0
2026-08-15/tesla-redlight-jolt 08-15 12:38          1    1953    0       0     0           0      1882      1882         0         0      1882      1903         0      1885      1882      1882         0      1898      1898         0         0
2026-08-18/i5-left-turn-takeover 08-17 22:25        1     377    0       0     0           0       367       367         0         0       367       367         0       367       367       367         0       365       365         0         0
2026-08-21/seattle-corvallis-return 08-20 16:22     2   14180    0       0     0           0     14039     14039         0         0     14039     14039         0     14049     14039     14039         0     14030     14030         0         0
2026-08-21/starlink-leg 08-21 17:23                 1    1381    0     724    27          27      1375      1375        27        22      1375      1375         0      1376      1375      1375         0      1375      1375         0         0
2026-08-31/i5-seattle-to-salem-tesla 08-31 05:53    1    7841    0       0     0           0      7814      7814         0         0      7814      7814         0      7814      7814      7814         0      7812      7812         0         0
2026-09-03/hotspot-drive-tesla 09-03 15:47          1    8633    0       0     0           0      8556      8556         0         0      8556      8556         0      8563      8556      8556         0      8550      8550         0         0
2026-09-08/i5-evening-police-miss-and-onramp-steer 09-08 19:16  2    4254    2    3748    80          80      4104      4104        80        61      4127      4104         0      4106      4104      4104         0      4104      4104         0         0
2026-09-13/corvallis-resume-55 09-13 21:15          1     143    0     105     0           0       126       126         0         0       133       126       126       126       126       126         0       126       126       126       126
2026-09-17/curvedb-first-capture 09-17 08:33        3   12818    0    9029   862         862     12220     12220       862       239     12251     12220     12192     12231     12220     12220     10885     11038     10054     12220     12220
--------------------------------------------------------------------------------------------------------------------------------------------------------------------------------------------------------------------------------------------------
TOTAL                                              98  773805   70   92291  8719        8719    724626    724626      8638      2226    437379    769936     54693    355551    326627    326627     10885    311035    270367    145681    145681

CAR MIX per corpus
  2026-06-18                                         {}
  2026-08-10/lanecenter-highway-drive                {}
  2026-07-06/i82-i84-eastbound                       {'TESLA': 264587}
  2026-07-11/lightning-icbm-nofire                   {'FORD': 48801}
  2026-07-13                                         {'FORD': 9359, 'TESLA': 1241, 'UNKNOWN': 2}
  2026-07-12/tesla-redlight                          {'TESLA': 4000}
  2026-08-12/crown-hill-both-directions              {'FORD': 23619, 'UNKNOWN': 17}
  2026-07-12/snoqualmie-ellensburg-icbm              {'FORD': 7694}
  2026-07-18/lightning-icbm-curve                    {'FORD': 1941, 'UNKNOWN': 9}
  2026-06-27                                         {'TESLA': 8127}
  2026-07-01/hotspot-drive                           {'TESLA': 1710}
  2026-07-08/lebowski-first-drive                    {'TESLA': 6867}
  2026-07-10/bsm-first-live-test                     {'TESLA': 429}
  2026-07-10/lightning-oplong-first-lap              {'FORD': 936}
  2026-07-12/ellensburg-snoqualmie-westbound         {'FORD': 26391}
  2026-07-13/aurora-ave-curves                       {'FORD': 21467, 'UNKNOWN': 13}
  2026-07-13/lightning-hwy99                         {'FORD': 13427, 'UNKNOWN': 6}
  2026-07-14/lightning-left-curve-toofast            {'FORD': 220}
  2026-07-14/corvallis-no-resume                     {'FORD': 160}
  2026-07-14/stop-jolt-and-jumpy-limitdrop           {'FORD': 2398, 'UNKNOWN': 2}
  2026-07-15                                         {'FORD': 3000}
  2026-07-19/lightning-angle-faithful                {'FORD': 8332, 'UNKNOWN': 4}
  2026-08-18/i5-southbound-curve-takeover            {'FORD': 1914, 'UNKNOWN': 6, 'TESLA': 9642}
  2026-09-12/central-oregon-weekend                  {'FORD': 92045, 'UNKNOWN': 17}
  2026-08-26/olympic-peninsula                       {'TESLA': 2904, 'UNKNOWN': 12, 'FORD': 8403}
  2026-08-15/everett-roundtrip-tesla                 {'TESLA': 9588, 'UNKNOWN': 14}
  2026-08-16/tesla-nudgeless-city-gate               {'TESLA': 11405, 'UNKNOWN': 17}
  2026-08-22/corvallis-seattle-return                {'FORD': 10589, 'TESLA': 838, 'UNKNOWN': 3}
  ARCHIVE (/tmp/arch, continuous)                    {'FORD': 42523, 'UNKNOWN': 395}
  2026-08-10/_alldrives                              {'FORD': 23974, 'UNKNOWN': 26}
  2026-08-10/lanecenter-first-drive                  {'FORD': 2498, 'UNKNOWN': 2}
  2026-08-11                                         {'FORD': 3577, 'UNKNOWN': 2}
  2026-08-11/steering-capability                     {'FORD': 1949, 'UNKNOWN': 1}
  2026-08-11/analysis-drive                          {'FORD': 3498, 'UNKNOWN': 2}
  2026-08-11/tight-left-1045-rlog                    {'FORD': 3998, 'UNKNOWN': 2}
  2026-08-11/tight-right-50mph-curve                 {'FORD': 2498, 'UNKNOWN': 2}
  2026-08-12                                         {'FORD': 10464, 'UNKNOWN': 36}
  2026-08-12/tesla-same-options                      {'FORD': 8121, 'UNKNOWN': 7, 'TESLA': 794}
  2026-08-13/crownhill-tesla-loop                    {'FORD': 13561, 'UNKNOWN': 13, 'TESLA': 2126}
  2026-08-15/tesla-redlight-jolt                     {'TESLA': 1950, 'UNKNOWN': 3}
  2026-08-18/i5-left-turn-takeover                   {'TESLA': 377}
  2026-08-21/seattle-corvallis-return                {'TESLA': 14170, 'UNKNOWN': 10}
  2026-08-21/starlink-leg                            {'FORD': 1380, 'UNKNOWN': 1}
  2026-08-31/i5-seattle-to-salem-tesla               {'TESLA': 7841}
  2026-09-03/hotspot-drive-tesla                     {'TESLA': 8626, 'UNKNOWN': 7}
  2026-09-08/i5-evening-police-miss-and-onramp-steer {'FORD': 4252, 'UNKNOWN': 2}
  2026-09-13/corvallis-resume-55                     {'FORD': 143}
  2026-09-17/curvedb-first-capture                   {'FORD': 12635, 'UNKNOWN': 183}
